<?xml version="1.0"?>
<opencv_storage>
<Po type_id="opencv-matrix">
  <rows>2</rows>
  <cols>21</cols>
  <dt>f</dt>
  <data>
    6.09973907 6.10652828 6.10357952 6.08177280 6.09949207 6.11683035
    6.10811090 6.11550426 6.13474321 6.08335924 6.09359455 6.09264708
    6.08947945 6.09717703 6.06334352 6.11012697 6.10949659 6.07589102
    6.09959030 6.12848568 6.11158514 -1.52729321 -1.53592777 -1.53644145
    -1.51329839 -1.52430367 -1.52414560 -1.55226684 -1.52446508
    -1.50392759 -1.50543332 -1.53322220 -1.55641210 -1.52045119
    -1.49274826 -1.53120422 -1.54522443 -1.54813695 -1.52642894
    -1.52547252 -1.51783490 -1.50197423</data></Po>
</opencv_storage>
