<?xml version="1.0"?>
<opencv_storage>
<E1_test1 type_id="opencv-matrix">
  <rows>3</rows>
  <cols>3</cols>
  <dt>d</dt>
  <data>
    3.6966707620029440e-004 -5.7688967693615388e-002
    -6.2436083238270122e-002 5.7039736777187690e-002
    -1.7023223253198648e-003 3.7851715770262795e-001
    6.3522411369333578e-002 -3.7814142406630297e-001
    -1.7499374786109781e-003</data></E1_test1>
</opencv_storage>
