<?xml version="1.0"?>
<opencv_storage>
<E2_test1 type_id="opencv-matrix">
  <rows>3</rows>
  <cols>3</cols>
  <dt>d</dt>
  <data>
    -3.6604728472544423e-005 -1.5336459658999772e-002
    -8.5721747318685153e-005 1.3573085140995662e-002
    -6.6662281978882099e-004 3.4278195582349735e-001
    -7.6719668617268534e-004 -3.4270678897278983e-001
    -6.3353177431789594e-004</data></E2_test1>
</opencv_storage>
