<?xml version="1.0"?>
<opencv_storage>
<F1_test1 type_id="opencv-matrix">
  <rows>3</rows>
  <cols>3</cols>
  <dt>d</dt>
  <data>
    1.4638021707202841e-007 -2.2895266690565482e-005
    -7.7365866441331515e-003 2.2664339462810894e-005
    -6.7793596353735338e-007 7.3094798685465562e-002
    9.2114303908408732e-003 -8.0330694428344840e-002 1.</data></F1_test1>
</opencv_storage>
