<?xml version="1.0"?>
<opencv_storage>
<T1_test1 type_id="opencv-matrix">
  <rows>3</rows>
  <cols>1</cols>
  <dt>d</dt>
  <data>
    -3.7837438181845323e-001 -6.2144370668217305e-002
    5.8004269943596677e-002</data></T1_test1>
</opencv_storage>
