<?xml version="1.0"?>
<opencv_storage>
<T2_test1 type_id="opencv-matrix">
  <rows>3</rows>
  <cols>1</cols>
  <dt>d</dt>
  <data>
    -3.4270822848504751e-001 -5.7358043027044095e-005
    1.5336635649683322e-002</data></T2_test1>
</opencv_storage>
