<?xml version="1.0"?>
<opencv_storage>
<Po type_id="opencv-matrix">
  <rows>2</rows>
  <cols>4</cols>
  <dt>f</dt>
  <data>
    6.09175777 6.08132744 6.11760473 6.08032131 -1.52014971 -1.50568902
    -1.55088997 -1.49988925</data></Po>
</opencv_storage>
