<?xml version="1.0"?>
<opencv_storage>
<Intrinsic_IR2 type_id="opencv-matrix">
  <rows>3</rows>
  <cols>3</cols>
  <dt>f</dt>
  <data>
    598.96588135 0. 321.96929932 0. 595.55126953 245.04310608 0. 0. 1.</data></Intrinsic_IR2>
</opencv_storage>
