<?xml version="1.0"?>
<opencv_storage>
<F2_test1 type_id="opencv-matrix">
  <rows>3</rows>
  <cols>3</cols>
  <dt>d</dt>
  <data>
    -5.2343793822839851e-009 -2.1947779018657832e-006
    5.2328371896874146e-004 1.9409132717533823e-006
    -9.5399299985141225e-008 2.4865588574136590e-002
    -5.1292989985164087e-004 -2.8126646898814684e-002 1.</data></F2_test1>
</opencv_storage>
