<?xml version="1.0"?>
<opencv_storage>
<R2_test1 type_id="opencv-matrix">
  <rows>3</rows>
  <cols>3</cols>
  <dt>d</dt>
  <data>
    9.9998386891474211e-001 -2.4154735592176232e-003
    5.1407584837793114e-003 2.4059935986865946e-003
    9.9999539532767856e-001 1.8494643124445853e-003
    -5.1452021444164412e-003 -1.8370658465736993e-003
    9.9998507593062025e-001</data></R2_test1>
</opencv_storage>
