<?xml version="1.0"?>
<opencv_storage>
<R1_test1 type_id="opencv-matrix">
  <rows>3</rows>
  <cols>3</cols>
  <dt>d</dt>
  <data>
    9.9999011672188798e-001 3.6307118259332138e-003
    2.5660066605280099e-003 -3.6436264119915399e-003
    9.9998062910439445e-001 5.0463256483788306e-003
    -2.5476352004718140e-003 -5.0556253437806370e-003
    9.9998397497523361e-001</data></R1_test1>
</opencv_storage>
